-1.710726845  3.204693797
-0.683097294 -1.635556926
 0.360325306 -0.784296376
 1.691240759  2.403868835
 1.238896839  1.143325624
 0.073831064 -0.002145383
-0.773075144 -0.465847757
-0.434039128  1.010992055
-1.237372098  0.746467654
  1.100682710  0.926810812
  0.368982624 -2.159969555
  1.147873016  1.516158774
  0.898765382 -0.255979270
  1.621229493  1.781624838
  0.704843436  0.041052264
  0.037914012 -0.503235067
  1.504002182  3.744823398
  0.352920970 -0.451996705
 -0.522779980  1.318609270
 -0.717458790 -0.961364819
 -0.594519533  1.183588810
 -1.061348378  0.493985950
  0.428522002  0.258653589
  0.325229454  0.198147322
  1.025376973  1.559389336
 -0.048752611  1.456448226
 -1.435383785  1.708120971
  1.073547801  1.362451002
  0.593336379  0.211551815
 -0.061252217  0.675993954
  0.501939832  1.146638507
 -0.921627828 -0.221986381
 -0.468578431 -0.996322498
 -0.113545682 -1.823787741
  0.901504212  0.604442981
 -1.550967243  2.468560683
  0.665143814 -2.117818468
  0.694939882  1.051228678
  1.131631809  1.381545233
 -2.318117168  4.778082268
 -1.286353582  1.620437316
  0.809600214 -0.174748970
 -0.515944490  0.126025734
  0.164071190  1.677338133
 -1.941275049  4.907791435
 -0.936342884  0.257385427
  1.605425327  3.787178144
 -1.118556310  2.511010027
  0.202735475 -0.422972174
 -1.906407743  3.279191674
  0.911038097  1.063726367
 -0.574722819  0.783473817
 -0.029131973  0.976863613
  1.897921989  4.500125081
 -0.460829826  1.486869084
  0.981052764 -0.150716552
 -1.362841425  3.136129954
 -1.252521799  1.072316682
  0.007110205  0.817649785
  1.398816353  2.008383143
 -1.214531873  1.011359666
  0.334474506  1.174988661
 -1.425116731  2.039235842
 -2.084748810  4.289583139
  0.789869469  0.941032087
  0.966523390  1.869302557
  0.185108856 -0.335033800
  0.537013906 -0.471680300
  1.637729850  3.993914270
  0.859452052  1.256602063
  0.390865845 -0.403025502
  0.428321509 -0.612309372
 -1.443551163  2.635110373
 -1.380613765  0.391641748
  0.979262480  2.058592257
  0.372288935  1.868827131
  0.571744715  1.090799981
 -0.616553956 -0.064477406
  0.401052667  1.645896379
 -0.808836476  1.956372059
  0.514742028  0.312317036
  0.308648886  0.604441409
 -0.277708064  1.720154377
  0.128164788 -0.616992748
 -0.636575163 -0.505375147
 -1.905838018  3.787831127
 -0.206036838 -0.527768454
  0.986207382  2.149495841
  0.275886709 -0.306174435
  0.450387527 -0.288400620
  0.582034612 -1.234209713
  0.514972566  0.474058247
  0.942181106  0.898776181
  1.539768362  2.937572824
  0.892266383  2.545871480
  0.180081078 -0.424008319
  1.560435510  3.536231189
 -0.725721511 -0.173634892
  0.319060941 -0.353807213
 -1.332704429  1.442578258
